-3.0 0.0 0.0 0.0 0.0 0.0 0.0 0.0 0.0 0.0 0.0 0.0 0.0 0.0 1142279460689641800000000000000000.0 0.0 0.0 0.0 0.0 0.0 
-10.0 0.0 0.0 0.0 0.0 0.0 0.0 0.0 0.0 0.0 0.0 0.0 0.0 0.0 1142279460689641800000000000000000.0 0.0 0.0 0.0 0.0 0.0 
-11.0 0.0 0.0 0.0 0.0 0.0 0.0 0.0 0.0 0.0 0.0 0.0 0.0 0.0 1142279460689641800000000000000000.0 0.0 0.0 0.0 0.0 0.0 
-13.0 0.0 0.0 0.0 0.0 0.0 0.0 0.0 0.0 0.0 0.0 0.0 0.0 0.0 1142279460689641800000000000000000.0 0.0 0.0 0.0 0.0 0.0 
-13.0 0.0 0.0 0.0 0.0 0.0 0.0 0.0 0.0 0.0 0.0 0.0 0.0 0.0 1142279460689641800000000000000000.0 0.0 0.0 0.0 0.0 0.0 
-13.0 0.0 0.0 0.0 0.0 0.0 0.0 0.0 0.0 0.0 0.0 0.0 0.0 0.0 1142279460689641800000000000000000.0 0.0 0.0 0.0 0.0 0.0 
-13.0 0.0 0.0 0.0 0.0 0.0 0.0 0.0 0.0 0.0 0.0 0.0 0.0 0.0 1142279460689641800000000000000000.0 0.0 0.0 0.0 0.0 0.0 
-12.0 0.0 0.0 0.0 0.0 0.0 0.0 0.0 0.0 0.0 0.0 -1.$ 0.0 0.0 1142279460689641800000000000000000.0 0.0 0.0 0.0 0.0 0.0 
-8.0 0.0 0.0 0.0 0.0 0.0 0.0 0.0 0.0 0.0 0.0 -1.$ 0.0 0.0 1142279460689641800000000000000000.0 0.0 0.0 0.0 0.0 0.0 
1.0 0.0 0.0 0.0 0.0 0.0 0.0 0.0 0.0 0.0 0.0 -1.$ 0.0 0.0 1142279460689641800000000000000000.0 0.0 0.0 0.0 0.0 0.0 
14.0 0.0 0.0 0.0 0.0 0.0 0.0 0.0 0.0 0.0 0.0 -1.$ 0.0 0.0 1142279460689641800000000000000000.0 0.0 0.0 0.0 0.0 0.0 
34.0 0.0 0.0 0.0 0.0 0.0 0.0 0.0 0.0 0.0 0.0 -1.$ 0.0 0.0 1142279460689641800000000000000000.0 0.0 0.0 0.0 0.0 0.0 
53.0 0.0 0.0 0.0 0.0 0.0 0.0 0.0 0.0 0.0 0.0 -1.$ 0.0 0.0 1142279460689641800000000000000000.0 0.0 0.0 0.0 0.0 0.0 
65.0 0.0 0.0 0.0 0.0 0.0 0.0 0.0 0.0 0.0 0.0 -1.$ 0.0 0.0 1142279460689641800000000000000000.0 0.0 0.0 0.0 0.0 0.0 
74.0 0.0 0.0 0.0 0.0 0.0 0.0 0.0 0.0 0.0 0.0 -1.$ 0.0 0.0 1142279460689641800000000000000000.0 0.0 0.0 0.0 0.0 0.0 
77.0 0.0 0.0 0.0 0.0 0.0 0.0 0.0 0.0 0.0 0.0 0.0 0.0 0.0 1142279460689641800000000000000000.0 0.0 0.0 0.0 0.0 0.0 
77.0 0.0 0.0 0.0 0.0 0.0 0.0 0.0 0.0 0.0 0.0 0.0 0.0 0.0 1142279460689641800000000000000000.0 0.0 0.0 0.0 0.0 0.0 
79.0 0.0 0.0 0.0 0.0 0.0 0.0 0.0 0.0 0.0 0.0 0.0 0.0 0.0 1142279460689641800000000000000000.0 0.0 0.0 0.0 0.0 0.0 
79.0 0.0 0.0 0.0 0.0 0.0 0.0 0.0 0.0 0.0 0.0 0.0 0.0 0.0 1142279460689641800000000000000000.0 0.0 0.0 0.0 0.0 0.0 
79.0 0.0 0.0 0.0 0.0 0.0 0.0 0.0 0.0 0.0 0.0 0.0 0.0 0.0 1142279460689641800000000000000000.0 0.0 0.0 0.0 0.0 0.0 
85.0 0.0 0.0 0.0 0.0 0.0 0.0 0.0 0.0 0.0 0.0 0.0 0.0 0.0 1142279460689641800000000000000000.0 0.0 0.0 0.0 0.0 0.0 
85.0 0.0 0.0 0.0 0.0 0.0 0.0 0.0 0.0 0.0 0.0 0.0 0.0 0.0 1142279460689641800000000000000000.0 0.0 0.0 0.0 0.0 0.0 
91.0 0.0 0.0 0.0 0.0 0.0 0.0 0.0 0.0 0.0 0.0 0.0 0.0 0.0 1142279460689641800000000000000000.0 0.0 0.0 0.0 0.0 0.0 
91.0 27.0 0.0 0.0 0.0 0.0 0.0 0.0 0.0 0.0 0.0 0.0 0.0 0.0 1142279460689641800000000000000000.0 0.0 0.0 0.0 0.0 0.0 
91.0 42.0 0.0 0.0 0.0 0.0 0.0 0.0 0.0 0.0 0.0 0.0 0.0 0.0 1142279460689641800000000000000000.0 0.0 0.0 0.0 0.0 0.0 
91.0 75.0 0.0 0.0 0.0 0.0 0.0 0.0 0.0 0.0 0.0 0.0 0.0 0.0 1142279460689641800000000000000000.0 0.0 0.0 0.0 0.0 0.0 
91.0 77.0 0.0 0.0 0.0 0.0 0.0 0.0 0.0 0.0 0.0 0.0 0.0 0.0 1142279460689641800000000000000000.0 0.0 0.0 0.0 0.0 0.0 
91.0 99.0 0.0 0.0 0.0 0.0 0.0 0.0 0.0 0.0 0.0 0.0 0.0 0.0 1142279460689641800000000000000000.0 0.0 0.0 0.0 0.0 0.0 
91.0 100.0 0.0 0.0 0.0 0.0 0.0 0.0 0.0 0.0 0.0 0.0 0.0 0.0 1142279460689641800000000000000000.0 0.0 0.0 0.0 0.0 0.0 
91.0 101.0 0.0 0.0 0.0 0.0 0.0 0.0 0.0 0.0 0.0 0.0 0.0 0.0 1142279460689641800000000000000000.0 0.0 0.0 0.0 0.0 0.0 
91.0 129.0 0.0 0.0 0.0 0.0 0.0 0.0 0.0 0.0 0.0 0.0 0.0 0.0 1142279460689641800000000000000000.0 0.0 0.0 0.0 0.0 0.0 
91.0 132.0 0.0 0.0 0.0 0.0 0.0 0.0 0.0 0.0 0.0 0.0 0.0 0.0 1142279460689641800000000000000000.0 0.0 0.0 0.0 0.0 0.0 
91.0 147.0 0.0 0.0 0.0 0.0 0.0 0.0 0.0 0.0 0.0 0.0 0.0 0.0 1142279460689641800000000000000000.0 0.0 0.0 0.0 0.0 0.0 
91.0 145.0 0.0 0.0 0.0 0.0 0.0 0.0 0.0 0.0 0.0 0.0 0.0 0.0 1142279460689641800000000000000000.0 0.0 0.0 0.0 0.0 0.0 
91.0 147.0 0.0 0.0 0.0 0.0 0.0 0.0 0.0 0.0 0.0 0.0 0.0 0.0 1142279460689641800000000000000000.0 0.0 0.0 0.0 0.0 0.0 
91.0 163.0 0.0 0.0 0.0 0.0 0.0 0.0 0.0 0.0 0.0 0.0 0.0 0.0 1142279460689641800000000000000000.0 0.0 0.0 0.0 0.0 0.0 
91.0 197.0 0.0 0.0 0.0 0.0 0.0 0.0 0.0 0.0 0.0 0.0 0.0 0.0 1142279460689641800000000000000000.0 0.0 0.0 0.0 0.0 0.0 
91.0 200.0 0.0 0.0 0.0 0.0 0.0 0.0 0.0 0.0 0.0 0.0 0.0 0.0 1142279460689641800000000000000000.0 0.0 0.0 0.0 0.0 0.0 
91.0 225.0 0.0 0.0 0.0 0.0 0.0 0.0 0.0 0.0 0.0 0.0 0.0 0.0 1142279460689641800000000000000000.0 0.0 0.0 0.0 0.0 0.0 
91.0 226.0 0.0 0.0 0.0 0.0 0.0 0.0 0.0 0.0 0.0 0.0 0.0 0.0 1142279460689641800000000000000000.0 0.0 0.0 0.0 0.0 0.0 
91.0 240.0 0.0 0.0 0.0 0.0 0.0 0.0 0.0 0.0 0.0 0.0 0.0 0.0 1142279460689641800000000000000000.0 0.0 0.0 0.0 0.0 0.0 
91.0 242.0 0.0 0.0 0.0 0.0 0.0 0.0 0.0 0.0 0.0 0.0 0.0 0.0 1142279460689641800000000000000000.0 0.0 0.0 0.0 0.0 0.0 
91.0 255.0 0.0 0.0 0.0 0.0 0.0 0.0 0.0 0.0 0.0 0.0 0.0 0.0 1142279460689641800000000000000000.0 0.0 0.0 0.0 0.0 0.0 
91.0 256.0 0.0 0.0 0.0 0.0 0.0 0.0 0.0 0.0 0.0 0.0 0.0 0.0 1142279460689641800000000000000000.0 0.0 0.0 0.0 0.0 0.0 
91.0 260.0 0.0 0.0 0.0 0.0 0.0 0.0 0.0 0.0 0.0 0.0 0.0 0.0 1142279460689641800000000000000000.0 0.0 0.0 0.0 0.0 0.0 
91.0 280.0 0.0 0.0 0.0 0.0 0.0 0.0 0.0 0.0 0.0 0.0 0.0 0.0 1142279460689641800000000000000000.0 0.0 0.0 0.0 0.0 0.0 
91.0 257.0 0.0 0.0 0.0 0.0 0.0 0.0 0.0 0.0 0.0 0.0 0.0 0.0 1142279460689641800000000000000000.0 0.0 0.0 0.0 0.0 0.0 
91.0 255.0 0.0 0.0 0.0 0.0 0.0 0.0 0.0 0.0 0.0 0.0 0.0 0.0 1142279460689641800000000000000000.0 0.0 0.0 0.0 0.0 0.0 
91.0 229.0 0.0 0.0 0.0 0.0 0.0 0.0 0.0 0.0 0.0 0.0 0.0 0.0 1142279460689641800000000000000000.0 0.0 0.0 0.0 0.0 0.0 
91.0 226.0 0.0 0.0 0.0 0.0 0.0 0.0 0.0 0.0 0.0 0.0 0.0 0.0 1142279460689641800000000000000000.0 0.0 0.0 0.0 0.0 0.0 
91.0 201.0 0.0 0.0 0.0 0.0 0.0 0.0 0.0 0.0 0.0 0.0 0.0 0.0 1142279460689641800000000000000000.0 0.0 0.0 0.0 0.0 0.0 
91.0 200.0 0.0 0.0 0.0 0.0 0.0 0.0 0.0 0.0 0.0 0.0 0.0 0.0 1142279460689641800000000000000000.0 0.0 0.0 0.0 0.0 0.0 
91.0 162.0 0.0 0.0 0.0 0.0 0.0 0.0 0.0 0.0 0.0 0.0 0.0 0.0 1142279460689641800000000000000000.0 0.0 0.0 0.0 0.0 0.0 
91.0 160.0 0.0 0.0 0.0 0.0 0.0 0.0 0.0 0.0 0.0 0.0 0.0 0.0 1142279460689641800000000000000000.0 0.0 0.0 0.0 0.0 0.0 
91.0 156.0 0.0 0.0 0.0 0.0 0.0 0.0 0.0 0.0 0.0 0.0 0.0 0.0 1142279460689641800000000000000000.0 0.0 0.0 0.0 0.0 0.0 
91.0 153.0 0.0 0.0 0.0 0.0 0.0 0.0 0.0 0.0 0.0 0.0 0.0 0.0 1142279460689641800000000000000000.0 0.0 0.0 0.0 0.0 0.0 
91.0 171.0 0.0 0.0 0.0 0.0 0.0 0.0 0.0 0.0 0.0 0.0 0.0 0.0 1142279460689641800000000000000000.0 0.0 0.0 0.0 0.0 0.0 
91.0 175.0 0.0 0.0 0.0 0.0 0.0 0.0 0.0 0.0 0.0 0.0 0.0 0.0 1142279460689641800000000000000000.0 0.0 0.0 0.0 0.0 0.0 
91.0 200.0 0.0 0.0 0.0 0.0 0.0 0.0 0.0 0.0 0.0 0.0 0.0 0.0 1142279460689641800000000000000000.0 0.0 0.0 0.0 0.0 0.0 
91.0 211.0 0.0 0.0 0.0 0.0 0.0 0.0 0.0 0.0 0.0 0.0 0.0 0.0 1142279460689641800000000000000000.0 0.0 0.0 0.0 0.0 0.0 
91.0 211.0 0.0 0.0 0.0 0.0 0.0 0.0 0.0 0.0 0.0 0.0 0.0 0.0 1142279460689641800000000000000000.0 0.0 0.0 0.0 0.0 0.0 
91.0 221.0 0.0 0.0 0.0 0.0 0.0 0.0 0.0 0.0 0.0 0.0 0.0 0.0 1142279460689641800000000000000000.0 0.0 0.0 0.0 0.0 0.0 
91.0 221.0 0.0 0.0 0.0 0.0 0.0 0.0 0.0 0.0 0.0 0.0 0.0 0.0 1142279460689641800000000000000000.0 0.0 0.0 0.0 0.0 0.0 
91.0 222.0 0.0 0.0 0.0 0.0 0.0 0.0 0.0 0.0 0.0 0.0 0.0 0.0 1142279460689641800000000000000000.0 0.0 0.0 0.0 0.0 0.0 
91.0 224.0 0.0 0.0 0.0 0.0 0.0 0.0 0.0 0.0 0.0 0.0 0.0 0.0 1142279460689641800000000000000000.0 0.0 0.0 0.0 0.0 0.0 
91.0 221.0 0.0 0.0 0.0 0.0 0.0 0.0 0.0 0.0 0.0 0.0 0.0 0.0 1142279460689641800000000000000000.0 0.0 0.0 0.0 0.0 0.0 
91.0 218.0 0.0 0.0 0.0 0.0 0.0 0.0 0.0 0.0 0.0 0.0 0.0 0.0 1142279460689641800000000000000000.0 0.0 0.0 0.0 0.0 0.0 
91.0 218.0 -37.0 0.0 0.0 0.0 0.0 0.0 0.0 0.0 0.0 0.0 0.0 0.0 1142279460689641800000000000000000.0 0.0 0.0 0.0 0.0 0.0 
91.0 218.0 -39.0 0.0 0.0 0.0 0.0 0.0 0.0 0.0 0.0 0.0 0.0 0.0 1142279460689641800000000000000000.0 0.0 0.0 0.0 0.0 0.0 
91.0 218.0 -41.0 0.0 0.0 0.0 0.0 0.0 0.0 0.0 0.0 0.0 0.0 0.0 1142279460689641800000000000000000.0 0.0 0.0 0.0 0.0 0.0 
91.0 218.0 -41.0 0.0 0.0 0.0 0.0 0.0 0.0 0.0 0.0 0.0 0.0 0.0 1142279460689641800000000000000000.0 0.0 0.0 0.0 0.0 0.0 
91.0 218.0 -63.0 0.0 0.0 0.0 0.0 0.0 0.0 0.0 0.0 0.0 0.0 0.0 1142279460689641800000000000000000.0 0.0 0.0 0.0 0.0 0.0 
91.0 218.0 -68.0 0.0 0.0 0.0 0.0 0.0 0.0 0.0 0.0 0.0 0.0 0.0 1142279460689641800000000000000000.0 0.0 0.0 0.0 0.0 0.0 
91.0 218.0 -15.0 0.0 0.0 0.0 0.0 0.0 0.0 0.0 0.0 0.0 0.0 0.0 1142279460689641800000000000000000.0 0.0 0.0 0.0 0.0 0.0 
91.0 218.0 -8.0 0.0 0.0 0.0 0.0 0.0 0.0 0.0 0.0 0.0 0.0 0.0 1142279460689641800000000000000000.0 0.0 0.0 0.0 0.0 0.0 
91.0 218.0 48.0 0.0 0.0 0.0 0.0 0.0 0.0 0.0 0.0 0.0 0.0 0.0 1142279460689641800000000000000000.0 0.0 0.0 0.0 0.0 0.0 
91.0 218.0 50.0 0.0 0.0 0.0 0.0 0.0 0.0 0.0 0.0 0.0 0.0 0.0 1142279460689641800000000000000000.0 0.0 0.0 0.0 0.0 0.0 
91.0 218.0 51.0 0.0 0.0 0.0 0.0 0.0 0.0 0.0 0.0 0.0 0.0 0.0 1142279460689641800000000000000000.0 0.0 0.0 0.0 0.0 0.0 
91.0 218.0 52.0 0.0 0.0 0.0 0.0 0.0 0.0 0.0 0.0 0.0 0.0 0.0 1142279460689641800000000000000000.0 0.0 0.0 0.0 0.0 0.0 
91.0 218.0 75.0 0.0 0.0 0.0 0.0 0.0 0.0 0.0 0.0 0.0 0.0 0.0 1142279460689641800000000000000000.0 0.0 0.0 0.0 0.0 0.0 
91.0 218.0 77.0 0.0 0.0 0.0 0.0 0.0 0.0 0.0 0.0 0.0 0.0 0.0 1142279460689641800000000000000000.0 0.0 0.0 0.0 0.0 0.0 
91.0 218.0 83.0 0.0 0.0 0.0 0.0 0.0 0.0 0.0 0.0 0.0 0.0 0.0 1142279460689641800000000000000000.0 0.0 0.0 0.0 0.0 0.0 
91.0 218.0 -8.0 0.0 0.0 0.0 0.0 0.0 0.0 0.0 0.0 0.0 0.0 0.0 1142279460689641800000000000000000.0 0.0 0.0 0.0 0.0 0.0 
91.0 218.0 -19.0 0.0 0.0 0.0 0.0 0.0 0.0 0.0 0.0 0.0 0.0 0.0 1142279460689641800000000000000000.0 0.0 0.0 0.0 0.0 0.0 
91.0 218.0 -100.0 0.0 0.0 0.0 0.0 0.0 0.0 0.0 0.0 0.0 0.0 0.0 1142279460689641800000000000000000.0 0.0 0.0 0.0 0.0 0.0 
91.0 218.0 -101.0 0.0 0.0 0.0 0.0 0.0 0.0 0.0 0.0 0.0 0.0 0.0 1142279460689641800000000000000000.0 0.0 0.0 0.0 0.0 0.0 
91.0 218.0 -103.0 0.0 0.0 0.0 0.0 0.0 0.0 0.0 0.0 0.0 0.0 0.0 1142279460689641800000000000000000.0 0.0 0.0 0.0 0.0 0.0 
91.0 218.0 -105.0 0.0 0.0 0.0 0.0 0.0 0.0 0.0 0.0 0.0 0.0 0.0 1142279460689641800000000000000000.0 0.0 0.0 0.0 0.0 0.0 
91.0 218.0 -131.0 0.0 0.0 0.0 0.0 0.0 0.0 0.0 0.0 0.0 0.0 0.0 1142279460689641800000000000000000.0 0.0 0.0 0.0 0.0 0.0 
91.0 218.0 -132.0 0.0 0.0 0.0 0.0 0.0 0.0 0.0 0.0 0.0 0.0 0.0 1142279460689641800000000000000000.0 0.0 0.0 0.0 0.0 0.0 
91.0 218.0 -134.0 0.0 0.0 0.0 0.0 0.0 0.0 0.0 0.0 0.0 0.0 0.0 1142279460689641800000000000000000.0 0.0 0.0 0.0 0.0 0.0 
91.0 218.0 -144.0 0.0 0.0 0.0 0.0 0.0 0.0 0.0 0.0 0.0 0.0 0.0 1142279460689641800000000000000000.0 0.0 0.0 0.0 0.0 0.0 
91.0 218.0 -146.0 0.0 0.0 0.0 0.0 0.0 0.0 0.0 0.0 0.0 0.0 0.0 1142279460689641800000000000000000.0 0.0 0.0 0.0 0.0 0.0 
91.0 218.0 -156.0 0.0 0.0 0.0 0.0 0.0 0.0 0.0 0.0 0.0 0.0 0.0 1142279460689641800000000000000000.0 0.0 0.0 0.0 0.0 0.0 
91.0 218.0 -176.0 0.0 0.0 0.0 0.0 0.0 0.0 0.0 0.0 0.0 0.0 0.0 1142279460689641800000000000000000.0 0.0 0.0 0.0 0.0 0.0 
91.0 218.0 -177.0 0.0 0.0 0.0 0.0 0.0 0.0 0.0 0.0 0.0 0.0 0.0 1142279460689641800000000000000000.0 0.0 0.0 0.0 0.0 0.0 
91.0 218.0 -192.0 0.0 0.0 0.0 0.0 0.0 0.0 0.0 0.0 0.0 0.0 0.0 1142279460689641800000000000000000.0 0.0 0.0 0.0 0.0 0.0 
91.0 218.0 -193.0 0.0 0.0 0.0 0.0 0.0 0.0 0.0 0.0 0.0 0.0 0.0 1142279460689641800000000000000000.0 0.0 0.0 0.0 0.0 0.0 
91.0 218.0 -193.0 0.0 0.0 0.0 0.0 0.0 0.0 0.0 0.0 0.0 0.0 0.0 1142279460689641800000000000000000.0 0.0 0.0 0.0 0.0 0.0 
91.0 218.0 -193.0 0.0 0.0 0.0 0.0 0.0 0.0 0.0 0.0 0.0 0.0 0.0 1142279460689641800000000000000000.0 0.0 0.0 0.0 0.0 0.0 
91.0 218.0 -195.0 0.0 0.0 0.0 0.0 0.0 0.0 0.0 0.0 0.0 0.0 0.0 1142279460689641800000000000000000.0 0.0 0.0 0.0 0.0 0.0 
91.0 218.0 -198.0 0.0 0.0 0.0 0.0 0.0 0.0 0.0 0.0 0.0 0.0 0.0 1142279460689641800000000000000000.0 0.0 0.0 0.0 0.0 0.0 
91.0 218.0 -201.0 0.0 0.0 0.0 0.0 0.0 0.0 0.0 0.0 0.0 0.0 0.0 1142279460689641800000000000000000.0 0.0 0.0 0.0 0.0 0.0 
91.0 218.0 -206.0 0.0 0.0 0.0 0.0 0.0 0.0 0.0 0.0 0.0 0.0 0.0 1142279460689641800000000000000000.0 0.0 0.0 0.0 0.0 0.0 
91.0 218.0 -190.0 0.0 0.0 0.0 0.0 0.0 0.0 0.0 0.0 0.0 0.0 0.0 1142279460689641800000000000000000.0 0.0 0.0 0.0 0.0 0.0 
91.0 218.0 -188.0 0.0 0.0 0.0 0.0 0.0 0.0 0.0 0.0 0.0 0.0 0.0 1142279460689641800000000000000000.0 0.0 0.0 0.0 0.0 0.0 
91.0 218.0 -178.0 0.0 0.0 0.0 0.0 0.0 0.0 0.0 0.0 0.0 0.0 0.0 1142279460689641800000000000000000.0 0.0 0.0 0.0 0.0 0.0 
91.0 218.0 -178.0 13.0 0.0 0.0 0.0 0.0 0.0 0.0 0.0 0.0 0.0 0.0 1142279460689641800000000000000000.0 0.0 0.0 0.0 0.0 0.0 
91.0 218.0 -178.0 15.0 0.0 0.0 0.0 0.0 0.0 0.0 0.0 0.0 0.0 0.0 1142279460689641800000000000000000.0 0.0 0.0 0.0 0.0 0.0 
91.0 218.0 -178.0 16.0 0.0 0.0 0.0 0.0 0.0 0.0 0.0 0.0 0.0 0.0 1142279460689641800000000000000000.0 0.0 0.0 0.0 0.0 0.0 
91.0 218.0 -178.0 31.0 0.0 0.0 0.0 0.0 0.0 0.0 0.0 0.0 0.0 0.0 1142279460689641800000000000000000.0 0.0 0.0 0.0 0.0 0.0 
91.0 218.0 -178.0 33.0 0.0 0.0 0.0 0.0 0.0 0.0 0.0 0.0 0.0 0.0 1142279460689641800000000000000000.0 0.0 0.0 0.0 0.0 0.0 
91.0 218.0 -178.0 50.0 0.0 0.0 0.0 0.0 0.0 0.0 0.0 0.0 0.0 0.0 1142279460689641800000000000000000.0 0.0 0.0 0.0 0.0 0.0 
91.0 218.0 -178.0 52.0 0.0 0.0 0.0 0.0 0.0 0.0 0.0 0.0 0.0 0.0 1142279460689641800000000000000000.0 0.0 0.0 0.0 0.0 0.0 
91.0 218.0 -178.0 52.0 0.0 0.0 0.0 0.0 0.0 0.0 0.0 0.0 0.0 0.0 1142279460689641800000000000000000.0 0.0 0.0 0.0 0.0 0.0 
91.0 218.0 -178.0 72.0 0.0 0.0 0.0 0.0 0.0 0.0 0.0 0.0 0.0 0.0 1142279460689641800000000000000000.0 0.0 0.0 0.0 0.0 0.0 
91.0 218.0 -178.0 -39.0 0.0 0.0 0.0 0.0 0.0 0.0 0.0 0.0 0.0 0.0 1142279460689641800000000000000000.0 0.0 0.0 0.0 0.0 0.0 
91.0 218.0 -178.0 -47.0 0.0 0.0 0.0 0.0 0.0 0.0 0.0 0.0 0.0 0.0 1142279460689641800000000000000000.0 0.0 0.0 0.0 0.0 0.0 
91.0 218.0 -178.0 -88.0 0.0 0.0 0.0 0.0 0.0 0.0 0.0 0.0 0.0 0.0 1142279460689641800000000000000000.0 0.0 0.0 0.0 0.0 0.0 
91.0 218.0 -178.0 -89.0 0.0 0.0 0.0 0.0 0.0 0.0 0.0 0.0 0.0 0.0 1142279460689641800000000000000000.0 0.0 0.0 0.0 0.0 0.0 
91.0 218.0 -178.0 -91.0 0.0 0.0 0.0 0.0 0.0 0.0 0.0 0.0 0.0 0.0 1142279460689641800000000000000000.0 0.0 0.0 0.0 0.0 0.0 
91.0 218.0 -178.0 -94.0 0.0 0.0 0.0 0.0 0.0 0.0 0.0 0.0 0.0 0.0 1142279460689641800000000000000000.0 0.0 0.0 0.0 0.0 0.0 
91.0 218.0 -178.0 -94.0 0.0 0.0 0.0 0.0 0.0 0.0 0.0 0.0 0.0 0.0 1142279460689641800000000000000000.0 0.0 0.0 0.0 0.0 0.0 
91.0 218.0 -178.0 -49.0 0.0 0.0 0.0 0.0 0.0 0.0 0.0 0.0 0.0 0.0 1142279460689641800000000000000000.0 0.0 0.0 0.0 0.0 0.0 
91.0 218.0 -178.0 -43.0 0.0 0.0 0.0 0.0 0.0 0.0 0.0 0.0 0.0 0.0 1142279460689641800000000000000000.0 0.0 0.0 0.0 0.0 0.0 
91.0 218.0 -178.0 18.0 0.0 0.0 0.0 0.0 0.0 0.0 0.0 0.0 0.0 0.0 1142279460689641800000000000000000.0 0.0 0.0 0.0 0.0 0.0 
91.0 218.0 -178.0 21.0 0.0 0.0 0.0 0.0 0.0 0.0 0.0 0.0 0.0 0.0 1142279460689641800000000000000000.0 0.0 0.0 0.0 0.0 0.0 
91.0 218.0 -178.0 22.0 0.0 0.0 0.0 0.0 0.0 0.0 0.0 0.0 0.0 0.0 1142279460689641800000000000000000.0 0.0 0.0 0.0 0.0 0.0 
91.0 218.0 -178.0 50.0 0.0 0.0 0.0 0.0 0.0 0.0 0.0 0.0 0.0 0.0 1142279460689641800000000000000000.0 0.0 0.0 0.0 0.0 0.0 
91.0 218.0 -178.0 53.0 0.0 0.0 0.0 0.0 0.0 0.0 0.0 0.0 0.0 0.0 1142279460689641800000000000000000.0 0.0 0.0 0.0 0.0 0.0 
91.0 218.0 -178.0 57.0 0.0 0.0 0.0 0.0 0.0 0.0 0.0 0.0 0.0 0.0 1142279460689641800000000000000000.0 0.0 0.0 0.0 0.0 0.0 
91.0 218.0 -178.0 77.0 0.0 0.0 0.0 0.0 0.0 0.0 0.0 0.0 0.0 0.0 1142279460689641800000000000000000.0 0.0 0.0 0.0 0.0 0.0 
91.0 218.0 -178.0 78.0 0.0 0.0 0.0 0.0 0.0 0.0 0.0 0.0 0.0 0.0 1142279460689641800000000000000000.0 0.0 0.0 0.0 0.0 0.0 
91.0 218.0 -178.0 79.0 0.0 0.0 0.0 0.0 0.0 0.0 0.0 0.0 0.0 0.0 1142279460689641800000000000000000.0 0.0 0.0 0.0 0.0 0.0 
91.0 218.0 -178.0 85.0 0.0 0.0 0.0 0.0 0.0 0.0 0.0 0.0 0.0 0.0 1142279460689641800000000000000000.0 0.0 0.0 0.0 0.0 0.0 
91.0 218.0 -178.0 77.0 0.0 0.0 0.0 0.0 0.0 0.0 0.0 0.0 0.0 0.0 1142279460689641800000000000000000.0 0.0 0.0 0.0 0.0 0.0 
91.0 218.0 -178.0 -45.0 0.0 0.0 0.0 0.0 0.0 0.0 0.0 0.0 0.0 0.0 1142279460689641800000000000000000.0 0.0 0.0 0.0 0.0 0.0 
91.0 218.0 -178.0 -49.0 0.0 0.0 0.0 0.0 0.0 0.0 0.0 0.0 0.0 0.0 1142279460689641800000000000000000.0 0.0 0.0 0.0 0.0 0.0 
91.0 218.0 -178.0 -55.0 0.0 0.0 0.0 0.0 0.0 0.0 0.0 0.0 0.0 0.0 1142279460689641800000000000000000.0 0.0 0.0 0.0 0.0 0.0 
91.0 218.0 -178.0 -59.0 0.0 0.0 0.0 0.0 0.0 0.0 0.0 0.0 0.0 0.0 1142279460689641800000000000000000.0 0.0 0.0 0.0 0.0 0.0 
91.0 218.0 -178.0 -72.0 0.0 0.0 0.0 0.0 0.0 0.0 0.0 0.0 0.0 0.0 1142279460689641800000000000000000.0 0.0 0.0 0.0 0.0 0.0 
91.0 218.0 -178.0 -134.0 0.0 0.0 0.0 0.0 0.0 0.0 0.0 0.0 0.0 0.0 1142279460689641800000000000000000.0 0.0 0.0 0.0 0.0 0.0 
91.0 218.0 -178.0 -134.0 0.0 0.0 0.0 0.0 0.0 0.0 0.0 0.0 0.0 0.0 1142279460689641800000000000000000.0 0.0 0.0 0.0 0.0 0.0 
91.0 218.0 -178.0 -135.0 0.0 0.0 0.0 0.0 0.0 0.0 0.0 0.0 0.0 0.0 1142279460689641800000000000000000.0 0.0 0.0 0.0 0.0 0.0 
91.0 218.0 -178.0 -161.0 0.0 0.0 0.0 0.0 0.0 0.0 0.0 0.0 0.0 0.0 1142279460689641800000000000000000.0 0.0 0.0 0.0 0.0 0.0 
91.0 218.0 -178.0 -162.0 0.0 0.0 0.0 0.0 0.0 0.0 0.0 0.0 0.0 0.0 1142279460689641800000000000000000.0 0.0 0.0 0.0 0.0 0.0 
91.0 218.0 -178.0 -164.0 0.0 0.0 0.0 0.0 0.0 0.0 0.0 0.0 0.0 0.0 1142279460689641800000000000000000.0 0.0 0.0 0.0 0.0 0.0 
91.0 218.0 -178.0 -171.0 0.0 0.0 0.0 0.0 0.0 0.0 0.0 0.0 0.0 0.0 1142279460689641800000000000000000.0 0.0 0.0 0.0 0.0 0.0 
91.0 218.0 -178.0 -172.0 0.0 0.0 0.0 0.0 0.0 0.0 0.0 0.0 0.0 0.0 1142279460689641800000000000000000.0 0.0 0.0 0.0 0.0 0.0 
91.0 218.0 -178.0 -173.0 0.0 0.0 0.0 0.0 0.0 0.0 0.0 0.0 0.0 0.0 1142279460689641800000000000000000.0 0.0 0.0 0.0 0.0 0.0 
91.0 218.0 -178.0 -176.0 0.0 0.0 0.0 0.0 0.0 0.0 0.0 0.0 0.0 0.0 1142279460689641800000000000000000.0 0.0 0.0 0.0 0.0 0.0 
91.0 218.0 -178.0 -190.0 0.0 0.0 0.0 0.0 0.0 0.0 0.0 0.0 0.0 0.0 1142279460689641800000000000000000.0 0.0 0.0 0.0 0.0 0.0 
91.0 218.0 -178.0 -191.0 0.0 0.0 0.0 0.0 0.0 0.0 0.0 0.0 0.0 0.0 1142279460689641800000000000000000.0 0.0 0.0 0.0 0.0 0.0 
91.0 218.0 -178.0 -198.0 0.0 0.0 0.0 0.0 0.0 0.0 0.0 0.0 -1.$ 0.0 1142279460689641800000000000000000.0 0.0 0.0 0.0 0.0 0.0 
91.0 218.0 -178.0 -226.0 0.0 0.0 0.0 0.0 0.0 0.0 0.0 0.0 -1.$ 0.0 1142279460689641800000000000000000.0 0.0 0.0 0.0 0.0 0.0 
91.0 218.0 -178.0 -228.0 0.0 0.0 0.0 0.0 0.0 0.0 0.0 0.0 -1.$ 0.0 1142279460689641800000000000000000.0 0.0 0.0 0.0 0.0 0.0 
91.0 218.0 -178.0 -232.0 0.0 0.0 0.0 0.0 0.0 0.0 0.0 0.0 -1.$ 0.0 1142279460689641800000000000000000.0 0.0 0.0 0.0 0.0 0.0 
91.0 218.0 -178.0 -233.0 0.0 0.0 0.0 0.0 0.0 0.0 0.0 0.0 0.0 0.0 1142279460689641800000000000000000.0 0.0 0.0 0.0 0.0 0.0 
91.0 218.0 -178.0 -236.0 0.0 0.0 0.0 0.0 0.0 0.0 0.0 0.0 0.0 0.0 1142279460689641800000000000000000.0 0.0 0.0 0.0 0.0 0.0 
91.0 218.0 -178.0 -236.0 0.0 0.0 0.0 0.0 0.0 0.0 0.0 0.0 0.0 0.0 1142279460689641800000000000000000.0 0.0 0.0 0.0 0.0 0.0 
91.0 218.0 -178.0 -236.0 0.0 0.0 0.0 0.0 0.0 0.0 0.0 0.0 0.0 0.0 1142279460689641800000000000000000.0 0.0 0.0 0.0 0.0 0.0 
91.0 218.0 -178.0 -236.0 0.0 0.0 0.0 0.0 0.0 0.0 0.0 0.0 0.0 0.0 1142279460689641800000000000000000.0 0.0 0.0 0.0 0.0 0.0 
91.0 218.0 -178.0 -236.0 0.0 0.0 0.0 0.0 0.0 0.0 0.0 0.0 0.0 0.0 1142279460689641800000000000000000.0 0.0 0.0 0.0 0.0 0.0 
91.0 218.0 -178.0 -236.0 0.0 0.0 0.0 0.0 0.0 0.0 0.0 0.0 0.0 0.0 1142279460689641800000000000000000.0 0.0 0.0 0.0 0.0 0.0 
91.0 218.0 -178.0 -231.0 0.0 0.0 0.0 0.0 0.0 0.0 0.0 0.0 0.0 0.0 1142279460689641800000000000000000.0 0.0 0.0 0.0 0.0 0.0 
91.0 218.0 -178.0 -231.0 0.0 0.0 0.0 0.0 0.0 0.0 0.0 0.0 0.0 0.0 1142279460689641800000000000000000.0 0.0 0.0 0.0 0.0 0.0 
91.0 218.0 -178.0 -228.0 0.0 0.0 0.0 0.0 0.0 0.0 0.0 0.0 0.0 0.0 1142279460689641800000000000000000.0 0.0 0.0 0.0 0.0 0.0 
91.0 218.0 -178.0 -224.0 0.0 0.0 0.0 0.0 0.0 0.0 0.0 0.0 0.0 0.0 1142279460689641800000000000000000.0 0.0 0.0 0.0 0.0 0.0 
91.0 218.0 -178.0 -229.0 0.0 0.0 0.0 0.0 0.0 0.0 0.0 0.0 0.0 0.0 1142279460689641800000000000000000.0 0.0 0.0 0.0 0.0 0.0 
91.0 218.0 -178.0 -319.0 0.0 0.0 0.0 0.0 0.0 0.0 0.0 0.0 0.0 0.0 1142279460689641800000000000000000.0 0.0 0.0 0.0 0.0 0.0 
91.0 218.0 -178.0 -357.0 0.0 0.0 0.0 0.0 0.0 0.0 0.0 0.0 0.0 0.0 1142279460689641800000000000000000.0 0.0 0.0 0.0 0.0 0.0 
91.0 218.0 -178.0 -326.0 0.0 0.0 0.0 0.0 0.0 0.0 0.0 0.0 0.0 0.0 1142279460689641800000000000000000.0 0.0 0.0 0.0 0.0 0.0 
91.0 218.0 -178.0 -289.0 0.0 0.0 0.0 0.0 0.0 0.0 0.0 0.0 0.0 0.0 1142279460689641800000000000000000.0 0.0 0.0 0.0 0.0 0.0 
91.0 218.0 -178.0 -305.0 0.0 0.0 0.0 0.0 0.0 0.0 0.0 0.0 0.0 0.0 1142279460689641800000000000000000.0 0.0 0.0 0.0 0.0 0.0 
91.0 218.0 -178.0 -306.0 0.0 0.0 0.0 0.0 0.0 0.0 0.0 0.0 0.0 0.0 1142279460689641800000000000000000.0 0.0 0.0 0.0 0.0 0.0 
91.0 218.0 -178.0 -327.0 0.0 0.0 0.0 0.0 0.0 0.0 0.0 0.0 0.0 0.0 1142279460689641800000000000000000.0 0.0 0.0 0.0 0.0 0.0 
91.0 218.0 -178.0 -330.0 0.0 0.0 0.0 0.0 0.0 0.0 0.0 0.0 0.0 0.0 1142279460689641800000000000000000.0 0.0 0.0 0.0 0.0 0.0 
91.0 218.0 -178.0 -330.0 0.0 0.0 0.0 0.0 0.0 0.0 0.0 0.0 0.0 0.0 1142279460689641800000000000000000.0 0.0 0.0 0.0 0.0 0.0 
91.0 218.0 -178.0 -330.0 3.0 0.0 0.0 0.0 0.0 0.0 0.0 0.0 0.0 0.0 1142279460689641800000000000000000.0 0.0 0.0 0.0 0.0 0.0 
91.0 218.0 -178.0 -330.0 4.0 0.0 0.0 0.0 0.0 0.0 0.0 0.0 0.0 0.0 1142279460689641800000000000000000.0 0.0 0.0 0.0 0.0 0.0 
91.0 218.0 -178.0 -330.0 10.0 0.0 0.0 0.0 0.0 0.0 0.0 0.0 0.0 0.0 1142279460689641800000000000000000.0 0.0 0.0 0.0 0.0 0.0 
91.0 218.0 -178.0 -330.0 25.0 0.0 0.0 0.0 0.0 0.0 0.0 0.0 0.0 0.0 1142279460689641800000000000000000.0 0.0 0.0 0.0 0.0 0.0 
91.0 218.0 -178.0 -330.0 28.0 0.0 0.0 0.0 0.0 0.0 0.0 0.0 0.0 0.0 1142279460689641800000000000000000.0 0.0 0.0 0.0 0.0 0.0 
91.0 218.0 -178.0 -330.0 31.0 0.0 0.0 0.0 0.0 0.0 0.0 0.0 0.0 0.0 1142279460689641800000000000000000.0 0.0 0.0 0.0 0.0 0.0 
91.0 218.0 -178.0 -330.0 62.0 0.0 0.0 0.0 0.0 0.0 0.0 0.0 0.0 0.0 1142279460689641800000000000000000.0 0.0 0.0 0.0 0.0 0.0 
91.0 218.0 -178.0 -330.0 63.0 0.0 0.0 0.0 0.0 0.0 0.0 0.0 0.0 0.0 1142279460689641800000000000000000.0 0.0 0.0 0.0 0.0 0.0 
91.0 218.0 -178.0 -330.0 75.0 0.0 0.0 0.0 0.0 0.0 0.0 0.0 0.0 0.0 1142279460689641800000000000000000.0 0.0 0.0 0.0 0.0 0.0 
